A, R, N, D, C, Q, E, G, H, I, L, K, M, F, P, S, T, W, Y, V
gg1, gg2, gg3, gg4, gg5, gg6, gg7, gg8, gg9, gg10, gg11, gg12, gg13, gg14, gg15, gg16, gg17, gg18, gg19
0.57, -2.8, -2.02, -2.46, 2.66, -2.54, -3.08, 0.15, -0.39, 3.1, 2.72, -3.89, 1.89, 3.12, -0.58, -1.1, -0.65, 1.89, 0.79, 2.64
3.37, 0.31, -1.92, -0.66, -1.52, 1.82, 3.45, -3.49, 1., 0.37, 1.88, 1.47, 3.88, 0.68, -4.33, -2.05, -1.6, -0.09, -2.62, 0.03
-3.66, 2.84, 0.04, -0.57, -3.29, -0.82, 0.05, -2.97, -0.63, 0.26, 1.92, 1.95, -1.57, 2.4, -0.02, -2.19, -1.39, 4.21, 4.11, -0.67
2.34, 0.25, -0.65, 0.14, -3.77, -1.85, 0.62, 2.06, -3.49, 1.04, 5.33, 1.17, -3.58, -0.35, -0.21, 1.36, 0.63, -2.77, -0.63, 2.34
-1.07, 0.2, 1.61, 0.75, 2.96, 0.09, -0.49, 0.7, 0.05, -0.05, 0.08, 0.53, -2.55, -0.88, -8.31, 1.78, 1.35, 0.72, 1.89, 0.64
-0.4, -0.37, 2.08, 0.24, -2.23, 0.6, -0., 7.47, 0.41, -1.18, 0.09, 0.1, 2.07, 1.62, -1.82, -3.36, -2.45, 0.86, -0.53, -2.01
1.23, 3.81, 0.4, -5.15, 0.44, 0.25, -5.66, 0.41, 1.61, -0.21, 0.27, 4.01, 0.84, -0.15, -0.12, 1.39, -0.65, -1.07, -1.3, -0.33
-2.32, 0.98, -2.47, -1.17, -3.49, 2.11, -0.11, 1.62, -0.6, 3.45, -4.06, -0.01, 1.85, -0.41, -1.18, -1.21, 3.43, -1.66, 1.31, 3.93
-2.01, 2.43, -0.07, 0.73, 2.22, -1.92, 1.49, -0.47, 3.55, 0.86, 0.43, -0.26, -2.05, 4.2, 0., -2.83, 0.34, -5.87, -0.56, -0.21
1.31, -0.99, 7.02, 1.5, -3.78, -1.67, -2.26, -2.9, 1.52, 1.98, -1.2, -1.66, 0.78, 0.73, -0.66, 0.39, 0.24, -0.66, -0.95, 1.27
-1.14, -4.9, 1.32, 1.51, 1.98, 0.7, -1.62, -0.98, -2.28, 0.89, 0.67, 5.86, 1.53, -0.56, 0.64, -2.92, -0.53, -2.49, 1.91, 0.43
0.19, 2.09, -2.44, 5.61, -0.43, -0.27, -3.97, -0.62, -3.12, -1.67, -0.29, -0.06, 2.44, 3.54, -0.92, 1.27, 1.91, -0.3, -1.26, -1.71
1.66, -3.08, 0.37, -3.85, -1.03, -0.99, 2.3, -0.11, -1.45, -1.02, -2.47, 1.38, -0.26, 5.25, -0.37, 2.86, 2.66, -0.5, 1.57, -2.93
4.39, 0.82, -0.89, 1.28, 0.93, -1.56, -0.06, 0.15, -0.77, -1.21, -4.79, 1.78, -3.09, 1.73, 0.17, -1.88, -3.07, 1.64, 0.2, 4.22
0.18, 1.32, 3.13, -1.98, 1.43, 6.22, -0.35, -0.53, -4.18, -1.78, 0.8, -2.71, -1.39, 2.14, 0.36, -2.42, 0.2, -0.72, -0.76, 1.06
-2.6, 0.69, 0.79, 0.05, 1.45, -0.18, 1.51, 0.35, -2.91, 5.71, -1.43, 1.62, -1.02, 1.1, 0.08, 1.75, -2.2, 1.75, -5.19, -1.31
1.49, -2.62, -1.54, 0.9, -1.15, 2.72, -2.29, 0.3, 3.37, 1.54, 0.63, 0.96, -4.32, 0.68, 0.16, -2.77, 3.73, 2.73, -2.56, -1.97
0.46, -1.49, -1.71, 1.38, -1.64, 4.35, -1.47, 0.32, 1.87, 2.11, -0.24, -1.09, -1.34, 1.46, -0.34, 3.36, -5.46, -2.2, 2.87, -1.21
-4.22, -2.57, -0.25, -0.03, -1.05, 0.92, 0.15, 0.05, 2.17, -4.18, 1.01, 1.36, 0.09, 2.33, 0.04, 2.67, -0.73, 0.9, -3.43, 4.77
